28.68695	5.19522
28.59943	5.45775
28.51049	5.70617
28.42296	5.96869
28.33967	6.25235
28.25637	6.53602
28.17167	6.81263
28.08837	7.09629
28.00226	7.37293
27.91473	7.63545
27.83003	7.91207
27.74673	8.20986
27.66343	8.50058
27.57873	8.79132
27.49684	9.08909
27.41636	9.40097
27.33448	9.7058
27.25259	10.01064
27.17352	10.32956
27.09446	10.64848
27.0168	10.96738
26.94197	11.30744
26.86854	11.6616
26.79653	12.01575
26.72592	12.384
26.65532	12.7452
26.58753	13.12048
26.52116	13.5028
26.45479	13.88513
26.387	14.26041
26.32063	14.64273
26.2599	15.04617
26.20199	15.45664
26.14267	15.86712
26.08052	16.27765
26.01979	16.68815
25.95765	17.09161
25.89692	17.50211
25.839	17.91964
25.77968	18.33719
25.71754	18.74772
25.6554	19.15824
25.59466	19.56168
25.53393	19.96512
25.47461	20.37561
25.41388	20.77905
25.35174	21.17544
25.291	21.58595
25.22886	21.99647
25.16954	22.40695
25.11163	22.82448
25.05654	23.24904
25.00286	23.6877
24.94777	24.11226
24.88986	24.52979
24.83336	24.9473
24.77968	25.3789
24.72741	25.81755
24.67655	26.25617
24.6271	26.70891
24.58048	27.15454
24.53385	27.60724
24.48299	28.05293
24.43072	28.49158
24.3841	28.94427
24.34029	29.404
24.29649	29.86372
24.24986	30.31642
24.20324	30.76205
24.1552	31.21477
24.10575	31.65337
24.05631	32.09198
24.00686	32.53765
23.956	32.97628
23.90373	33.41492
23.84723	33.84656
23.7865	34.25707
23.72436	34.66053
23.66645	35.07806
23.61135	35.50968
23.55203	35.92016
23.48566	36.30249
23.41364	36.6637
23.3374	37.01083
23.26397	37.35794
23.19478	37.72617
23.13123	38.11552
23.06767	38.51194
23.00412	38.90835
22.9448	39.31884
22.88971	39.74339
22.83603	40.17499
22.78235	40.61366
22.73572	41.06636
22.69474	41.52604
22.65235	41.98574
22.60854	42.4384
22.56756	42.90515
22.53081	43.37891
22.49265	43.84562
22.45167	44.31237
22.41209	44.7791
22.37393	45.24581
22.33859	45.71955
22.30749	46.20029
22.27497	46.68105
22.24104	47.15477
22.20993	47.64258
22.18165	48.13741
22.15195	48.6252
22.03747	50.03946
22.00071	50.51322
21.96537	50.99402
21.92721	51.4678
21.88341	51.92045
21.83678	52.37315
21.79016	52.82585
21.74071	53.27152
21.68421	53.6961
21.61925	54.0784
21.54441	54.41846
21.46394	54.72327
21.37782	54.97872
21.28607	55.18479
21.1915	55.37677
21.09974	55.58991
21.01081	55.83833
20.92469	56.11496
20.84703	56.44799
20.78348	56.83734
20.73262	57.27597
20.68882	57.73569
20.64361	58.18837
20.59557	58.63403
20.55177	59.07962
20.5122	59.53222
20.47686	59.9989
20.44434	60.47966
20.41182	60.96042
20.37225	61.43422
20.32985	61.89392
20.29028	62.36065
20.25635	62.84143
20.22666	63.32922
20.19555	63.81703
20.16444	64.29777
20.13475	64.78556
20.10505	65.27335
20.07535	65.76114
20.04424	66.24895
20.01173	66.72971
19.97921	67.21047
19.94387	67.68421
19.90006	68.14393
19.85485	68.60368
19.82092	69.08446
19.78278	69.4099
19.74179	69.87664
19.6867	70.31533
19.61187	70.66951
19.52153	70.86144
19.42416	70.84862
19.33104	70.65208
19.25065	70.34235
19.24361	70.22237
19.16886	69.88431
19.10399	69.48962
19.03207	69.13033
19.00527	68.99648
18.93476	68.63012
18.85295	68.31335
18.75984	68.138
18.66105	68.17464
18.57353	68.39479
18.50434	68.75596
18.44925	69.18758
18.40121	69.6403
18.356	70.10004
18.31642	70.57383
18.28249	71.05461
18.24998	71.53538
18.21887	72.01612
18.18776	72.50393
18.15524	72.98469
18.12273	73.46545
18.0888	73.94624
18.05628	74.427
18.0294	74.92181
18.00817	75.41655
17.98553	75.91131
17.96148	76.40609
17.93743	76.90086
17.91196	77.39566
17.88509	77.88341
17.85821	78.37823
17.83275	78.87302
17.80446	79.36079
17.77618	79.8415
17.75071	80.33629
17.72384	80.83111
17.69414	81.31183
17.66586	81.7996
17.63757	82.28737
17.60647	82.76812
17.56972	83.24187
17.52873	83.70156
17.47929	84.15429
17.41714	84.59307
17.33948	84.9261
17.2548	85.012
17.17581	84.7517
17.11095	84.34288
17.06441	84.04683
17.02073	83.58828
16.97139	83.14393
16.95871	83.00989
16.93334	82.75594 
16.86993	82.05748
16.73184	80.44176
16.68391	79.99739
16.63881	79.54592
16.59371	79.09445
16.53167	78.69265
16.44283	78.22058
16.35254	77.99575
16.25939	78.11002
16.17891	78.42189
16.11536	78.83243
16.0645	79.28519
16.02069	79.75198
15.98253	80.21869
15.94719	80.69949
15.91185	81.17322
15.8751	81.65404
15.84258	82.13481
15.81571	82.62962
15.78883	83.12444
15.76196	83.61219
15.73791	84.10696
15.71527	84.60172
15.69262	85.09648
15.66857	85.59126
15.6417	86.08607
15.61482	86.58089
15.58936	87.06862
15.56248	87.56343
15.53279	88.04416
15.50027	88.51786
15.47057	89.00565
15.4437	89.50046
15.41823	89.99526
15.39136	90.48301
15.36166	90.96373
15.32915	91.45156
15.29381	91.9253
15.25423	92.39909
15.14124	93.20586
15.06499	93.56006
14.97892	93.49764
14.91123	93.11005
14.86331	92.64449
14.82244	92.16471
14.77452	91.71327
14.73506	91.30411
14.69703	90.73247
14.68436	90.47834
14.67168	90.35137
14.63223	89.87863
14.59983	89.39874
14.56885	88.91176
14.50829	87.96604
14.47589	87.49321
14.44067	87.02748
14.40827	86.54759
14.37588	86.06063
14.34066	85.58784
14.30544	85.10798
14.26458	84.64939
14.20536	84.24756
14.16448	83.87373
14.10526	83.45777
14.01922	83.20463
13.92326	83.20591
13.83433	83.41901
13.76513	83.78725
13.71427	84.23294
13.67047	84.69973
13.62948	85.16647
13.56025	85.83845
13.52773	86.31921
13.49098	86.79297
13.46549	87.50674
13.43862	88.00155
13.41738	88.49629
13.39615	88.99103
13.36928	89.47878
13.34241	89.97359
13.31835	90.46837
13.29571	90.96313
13.27025	91.45086
13.24478	91.93859
13.22073	92.44043
13.19668	92.93521
13.17263	93.42999
13.13444	94.12274
13.16131	93.62792
13.06797	95.26794
13.03827	95.74866
13.01422	96.24344
12.97888	96.72424
12.94072	97.19801
12.90679	97.6788
12.87145	98.1596
12.82341	98.62644
12.74998	98.9806
12.66106	99.12307
12.57359	98.94765
12.49743	98.59548
12.43539	98.17956
12.39029	97.72103
12.35507	97.24117
12.32127	96.7613
12.3086	96.48598
12.24522	95.53324
12.20719	94.96159
12.19597	94.46022
12.1692	94.07208
12.14386	93.57797
12.13121	93.24614
12.09175	92.78047
12.065	92.29344
12.04107	91.7993
12.01715	91.31223
11.99322	90.8181
11.96647	90.324
11.93407	89.84411
11.90027	89.3713
11.87069	88.8843
11.83971	88.39732
11.80026	87.92459
